    1    1     0.149
    3    3     0.220
    5    5    31.923
    6    6    31.932
    7    7     0.402
    8    8     0.415
   11   11    18.427
   13   13     0.411
   14   14     0.399
   15   15    34.908
   17   17     8.441
   20   19     4.207
   21   23     1.864
   24   22     1.428
   26   30    43.673
   27   34     8.174
   29   25     0.517
   30   26     0.532
   31   27     0.436
   32   28     0.479
   36   32     1.494
   39   37    17.722
   41   41     2.531
   43   44     2.983
   44   42    11.555
   49   49     8.594
   51   51     1.619
   53   53     1.033
   55   55     1.735
   56   56     0.397
   58   60     1.218
   59   61     1.069
   60   62     1.828
   63   69     0.932
   65   70     0.845
   68   71     0.485
   70   73     1.609
   71   72     1.782
   74   80     0.909
   75   58    36.225
   77   65     1.722
   78   66     1.082
   79   75     2.118
   82   86     0.195
   84   88     0.025
   85   81     1.133
   87   83     2.014
   88   84     1.935
   89   93     0.035
  101  101     0.041
  104  104     0.090
  109  109     0.033
  110  110     0.040
  111  111     5.334
  113  113     3.016
  115  115     0.072
  118  118     2.162
  121  681    43.103
  121 1452    49.692
  123 1495    43.409
  124 1135    46.235
  124 1173    43.454
  124 1180    47.129
  126  122    23.710
  129 1135    41.797
  129 1173    40.863
  129 1180    45.586
  130 1135    46.653
  130 1173    45.191
  130 1180    48.581
  131  644    41.586
  131 1502    38.281
  131 1503    49.821
  132  645    48.005
  132 1099    47.793
  132 1499    47.675
  136  132    27.804
  137  133    37.709
  138  134    45.038
  139  681    42.085
  139 1171    42.122
  139 1452    39.428
  141  137    37.031
  142  138    42.509
  143  139    20.398
  145  680    43.395
  145 1135    44.614
  145 1173    37.715
  145 1180    42.609
  145 1258    41.715
  145 1468    48.890
  146  644    49.427
  146 1502    42.396
  147  677    45.495
  147 1156    47.982
  147 1171    43.234
  147 1452    39.154
  147 1499    49.285
  149 1171    48.947
  149 1452    45.193
  150 1495    32.131
  151  148    47.073
  152  644    44.800
  152 1502    38.535
  152 1503    49.873
  153  662    48.382
  153 1502    48.357
  154 1100    43.082
  154 1135    36.751
  154 1173    39.073
  154 1180    43.525
  156 1100    45.003
  156 1135    37.932
  156 1173    41.391
  156 1180    45.953
  157 1495    47.864
  158 1100    45.162
  158 1135    37.743
  158 1173    39.260
  158 1180    44.023
  159 1495    41.778
  160 1100    45.315
  160 1135    37.999
  160 1173    37.603
  160 1180    42.406
  162  158     4.309
  163 1502    49.921
  164  160    16.732
  165  161    24.378
  166  163    44.457
  168  645    48.678
  168 1099    46.499
  169  165    21.945
  170  166    42.966
  173 1495    44.592
  174  645    45.098
  174 1094    49.057
  174 1099    43.163
  175  171    33.149
  176 1135    46.662
  177 1100    48.068
  177 1135    41.153
  177 1173    41.036
  177 1180    45.341
  179  175    46.062
  181  645    45.804
  181 1094    48.377
  181 1099    43.051
  182 1495    47.645
  183 1099    48.240
  184 1495    45.224
  187  184     3.443
  189 1099    49.197
  191  187    32.547
  194 1495    38.108
  196 1495    44.788
  200  196    19.666
  202  198    29.625
  203  199    15.154
  204  200    27.586
  213  209    27.974
  215 1171    45.835
  215 1452    46.999
  217  214    21.458
  218  213    47.683
  220  216    44.156
  221  217    47.712
  222  218    36.135
  225  221    41.021
  226  222    28.196
  230  225    48.699
  233  229    20.958
  236  232     8.740
  238  234    46.602
  243  239    10.220
  245  241    17.254
  246  242    26.836
  249  245    41.533
  250  246    12.739
  251  247    10.420
  254  252     2.906
  255  250    38.838
  257  253    16.670
  258  254    29.432
  259  255    14.524
  260  256    27.439
  264  260    34.076
  265  261     2.204
  266  262     2.456
  268  264     7.886
  269  267    45.416
  270  265    39.861
  271  266    19.424
  272  268    45.388
  277  273    11.523
  278  274    11.750
  281  275    29.127
  283  278    22.305
  284  280    23.572
  289  288    48.741
  290  288    44.396
  291  283    21.982
  293  291    26.515
  295  286    42.239
  297  293    46.956
  298  294    25.222
  299  295    26.431
  300  296    47.454
  306  302     7.749
  307  303     7.109
  310  304    36.932
  311  307    17.464
  313  308     7.388
  315  311     9.357
  319  314    46.804
  323  317    40.202
  325  320    38.533
  330  326     5.844
  336  332     4.907
  339  336    37.930
  342  339    13.049
  343  337    23.172
  344  342    23.470
  346  340    21.953
  347  344    35.897
  351  345    37.061
  354  354    20.656
  355  351    20.750
  359  355    11.631
  363  361     3.055
  366  362     7.310
  368  364     4.750
  370  366     3.166
  371  367     1.750
  372  368     1.703
  374  370     2.850
  376  372     4.398
  377  373     5.729
  382  378    25.282
  384  382    11.575
  386  381     3.084
  387  383    26.341
  388  384    10.374
  390  386     5.739
  393  389     4.484
  394  390    10.952
  395  391     3.282
  396  392     3.178
  397  395     4.710
  398  396     7.240
  399  393    17.568
  402  400    37.606
  405  399    40.753
  406  402     2.093
  407  403     2.088
  409  405     0.708
  410  407    49.644
  411  406    49.407
  411  407    41.093
  412  408     3.734
  414  410     6.432
  416  412    45.155
  417  412    45.708
  417  413    45.915
  419  415     2.339
  421  417     7.215
  431  427     2.385
  435  431    30.344
  437  433     3.768
  439  435    15.681
  441  437    13.007
  442  438    11.557
  445  441     9.363
  449  445    10.925
  450  446    14.415
  452  448     8.972
  453  449    40.279
  454  450    38.190
  455  451    44.255
  459  455    10.158
  460  456     9.925
  464  460    10.279
  465  463    42.241
  466  464    12.164
  470  466    20.635
  471  467    31.417
  471  469    43.314
  474  470    24.794
  478  472    21.503
  480  476    23.020
  484  480    14.606
  485  481     5.023
  486  482     5.786
  489  485    17.948
  494  490     6.624
  495  491    17.815
  496  492    23.436
  498  494    20.681
  502  501     5.132
  505  502    41.586
  506  504    23.194
  513  510    46.062
  515  511    49.398
  518  514    15.227
  519  515    16.586
  521  517    12.846
  522  518    32.371
  530  526    22.772
  532  528    33.110
  534  530    26.945
  535  531    30.040
  536  532    24.555
  538  534    20.963
  539  536    49.978
  540  537    42.008
  541  535    44.186
  542  538    22.002
  545  541    40.730
  548  544    18.337
  550  548    20.014
  551  549    15.778
  552  550    26.261
  556  547    31.923
  559  556    42.119
  563  560    40.925
  567  563    41.155
  570  566    42.108
  572  568    38.962
  578  574    37.320
  579  575    20.045
  581  577    13.479
  582  578    38.949
  589  585    21.587
  592  587    15.358
  594  589    47.334
  595  590    13.906
  596  591    25.566
  599  597    49.966
  603  600    49.899
  604  599    31.069
  605  601    11.214
  610  606    38.425
  611  608    48.984
  613  609    26.976
  616  612    22.074
  621  618    40.083
  622  619    43.757
  623  617    36.038
  624  620    19.907
  629  624    43.834
  633  629    40.530
  634  630    15.845
  637  633    26.714
  638  634    34.740
  640  636    41.741
  641  637    14.826
  642  638    16.695
  645 1648    47.521
  649 1209    49.970
  654 1336    49.644
  655  651    19.516
  657  654    49.825
  659  655    24.670
  663  660    40.489
  664  657    46.196
  671  667    49.013
  671 1404    47.681
  672  668    47.874
  672  698    48.468
  676  673    39.386
  680  679    42.480
  682  682    39.055
  683  683    35.254
  684  684    47.743
  690  690    43.153
  691  684    46.092
  691  685    45.502
  693  691    30.682
  699  695    47.499
  700  696    46.985
  701  698    26.329
  702  699    17.045
  703  700    42.118
  715  711    18.910
  718  715    45.868
  719  714    39.547
  723  720    42.489
  731  727    31.728
  731 1426    44.471
  732  728    40.215
  733  726    49.756
  733  730    49.816
  734  729    22.679
  737  734    38.830
  738  733    44.657
  742  738    30.720
  746  741    24.876
  746 1511    45.439
  746 1839    45.403
  750  746    47.042
  751  743    38.654
  754  752    32.484
  755  754    43.651
  758  756    27.401
  759  757    35.084
  759  758    45.826
  759  787    45.035
  763  787    42.529
  763 1669    49.592
  763 1822    44.781
  766  827    45.640
  774  770    48.264
  775  771    49.445
  777  773    24.686
  778  774    41.190
  785  781    44.032
  786  782    36.106
  788  783    16.888
  788  879    49.176
  789  783    48.636
  789  785    22.514
  790  786    40.208
  791  787    12.134
  791  878    49.388
  791 1669    46.621
  792  788    39.239
  793  789    30.404
  794  790    21.706
  802  828    45.329
  804  799    26.910
  804  827    44.936
  804 1453    46.758
  804 1459    32.529
  804 1846    41.009
  805  802    47.344
  805 1433    48.085
  805 1442    48.748
  807 1456    47.363
  807 1845    45.672
  809  806    49.267
  816  812    29.841
  819  815    24.109
  820  816    33.531
  820 1407    46.205
  820 1421    49.785
  820 1844    49.595
  822  816    48.242
  823  815    39.439
  823  819    40.093
  823 1181    47.943
  823 1843    40.681
  827  823    14.095
  829  825    41.781
  831 1442    45.197
  831 1637    47.708
  832  828    21.215
  832 1636    49.278
  832 1846    48.535
  833  829    29.674
  842 1531    49.183
  844  839    33.133
  847  843    35.073
  849  845    11.787
  850  846    16.933
  853 1165    49.046
  854 1531    49.033
  861  854    43.430
  862  856    39.261
  867  863    14.467
  868  864    17.265
  873  867    40.388
  877  872    32.047
  882  879    43.222
  883  880    40.889
  884  783    47.135
  885  787    48.171
  885 1363    46.404
  885 1669    44.323
  885 1822    47.843
  886  882    42.517
  889  885    47.456
  900  738    46.993
  900  898    22.335
  901  899    19.984
  901 1663    48.636
  904  902    41.046
  907  903    37.812
  912  828    46.184
  912 1846    44.943
  913  909    44.325
  919  912    45.260
  922  918    36.828
  923  919    35.446
  928  923    44.224
  931  930    49.024
  936  934    49.163
  947  943    42.681
  961  958    46.602
  965  962    44.296
  971  969    47.071
  978  975    46.264
  978  976    49.957
  982  979    29.842
  984  981    33.133
  985  982    18.004
  987  983    42.887
  990  985    35.833
  998  995    45.979
 1002  997    27.595
 1008 1004    44.176
 1010 1005    46.901
 1015 1008    46.419
 1016 1010    46.711
 1021 1016    44.707
 1023 1019    32.651
 1025 1021    27.380
 1029 1024    43.690
 1030 1025    39.838
 1034 1030    30.880
 1039 1034    37.290
 1040 1035    27.012
 1045 1038    46.665
 1048 1043    28.840
 1056 1050    49.216
 1057 1051    24.727
 1079 1075    23.590
 1082 1076    49.229
 1096 1092    34.083
 1102 1097    25.417
 1103 1098    38.426
 1104 1101    42.596
 1105 1102    33.609
 1106 1103    41.692
 1108 1105    22.404
 1116 1112    34.914
 1117 1113    34.553
 1118 1114    20.808
 1121 1117    14.275
 1122 1118    26.776
 1123 1120    18.476
 1124 1121    35.302
 1128 1124    14.480
 1129 1125    23.948
 1132 1127    22.881
 1136 1130    35.788
 1137 1131    22.713
 1138 1132    48.070
 1139 1134    39.274
 1140 1136    46.421
 1143 1137    36.010
 1145 1139    43.050
 1146 1140    44.214
 1148 1143    27.124
 1150 1145    10.965
 1153 1140    47.754
 1156 1150    42.084
 1157 1151    31.211
 1165 1160    29.858
 1166 1161    30.203
 1173 1169    21.605
 1173 1174    29.903
 1185 1182    40.495
 1193 1188    40.123
 1200 1196    39.591
 1201 1196    24.800
 1204 1183    42.798
 1205 1198    47.383
 1207 1204    47.339
 1209 1206    42.552
 1210 1207    34.465
 1212 1209    42.703
 1212 1800    46.053
 1214 1211    48.967
 1221 1219    41.008
 1225 1222    44.544
 1226 1221    45.855
 1228 1223    49.222
 1229 1224    23.654
 1233 1233    46.308
 1234 1235    39.543
 1234 1236    34.689
 1235 1236    30.680
 1245 1244    47.892
 1249 1246    48.814
 1251 1248    45.924
 1257 1255    40.326
 1257 1256    41.066
 1259 1261    40.156
 1271 1268    45.490
 1273 1270    49.010
 1275 1271    43.864
 1282 1278    47.489
 1286 1286    39.838
 1288 1284    43.692
 1291 1290    38.457
 1296 1297    49.781
 1296 1735    42.840
 1307 1305    35.378
 1313 1309    33.536
 1315 1313    45.950
 1320 1318    28.785
 1321 1322    37.211
 1323 1319    33.420
 1324 1320    40.113
 1332 1331    40.595
 1334 1330    44.178
 1337 1333    30.052
 1338 1336    43.855
 1339 1337    47.841
 1342 1343    44.000
 1342 1346    49.376
 1343 1339    41.179
 1347 1346    44.835
 1349 1347    41.528
 1352 1350    42.470
 1355 1352    49.873
 1358 1356    45.366
 1359 1357    34.907
 1361 1331    49.285
 1362 1360    31.641
 1364  787    49.774
 1364 1363    47.158
 1364 1669    39.394
 1365 1364    40.920
 1365 1668    44.146
 1365 1823    42.030
 1365 1839    39.516
 1366 1397    47.468
 1366 1415    42.221
 1371  668    35.550
 1371  893    44.624
 1371 1406    44.532
 1373  668    49.255
 1379  894    45.072
 1379 1404    29.217
 1379 1831    45.503
 1383 1380    34.620
 1384 1379    33.836
 1385 1386    44.803
 1385 1387    49.010
 1385 1417    40.949
 1385 1690    46.441
 1386 1691    49.015
 1387 1383    21.806
 1388 1382    48.315
 1388 1384    21.854
 1389 1385    26.965
 1390 1381    40.694
 1391 1387    29.936
 1392 1388    28.766
 1400 1391    46.672
 1403 1402    40.187
 1406 1839    48.108
 1408 1407    43.793
 1409 1407    39.037
 1409 1411    48.078
 1409 1481    48.422
 1409 1638    46.721
 1409 1780    44.126
 1411 1408    14.298
 1411 1484    49.348
 1411 1638    45.640
 1411 1780    38.145
 1411 1843    47.380
 1412 1409    48.725
 1412 1410    43.779
 1412 1412    37.677
 1412 1642    41.805
 1413  816    49.776
 1413  850    45.074
 1413 1380    44.647
 1413 1408    49.130
 1413 1411    29.112
 1413 1413    40.120
 1413 1625    44.649
 1413 1638    23.021
 1413 1780    34.178
 1413 1843    43.484
 1414 1640    48.176
 1414 1781    32.835
 1415  850    49.845
 1415 1413    19.069
 1415 1638    42.190
 1415 1843    46.304
 1416 1414    31.527
 1417 1669    47.418
 1417 1838    40.855
 1418 1416    27.014
 1419 1386    45.514
 1419 1417    38.750
 1422 1420    48.788
 1422 1421    46.007
 1422 1642    49.826
 1428 1425    49.357
 1428 1715    49.550
 1428 1780    47.985
 1429 1426    37.945
 1429 1781    47.302
 1430 1428    33.774
 1432 1429    41.685
 1435 1829    42.972
 1438 1435    29.464
 1439 1421    45.018
 1439 1425    48.571
 1439 1643    49.162
 1439 1844    43.888
 1442 1438    36.706
 1442 1643    49.423
 1442 1661    41.822
 1443 1629    49.391
 1445 1845    45.818
 1446 1433    44.585
 1446 1442    23.085
 1446 1511    48.380
 1446 1637    47.563
 1447 1431    49.053
 1451 1460    49.245
 1451 1845    46.644
 1453  827    46.202
 1453 1459    49.459
 1453 1845    43.146
 1454  828    49.799
 1454 1846    46.919
 1455  799    43.758
 1455 1453    41.721
 1455 1459    37.285
 1455 1846    47.758
 1456 1443    49.884
 1456 1456    49.933
 1459 1443    42.818
 1459 1456    34.335
 1459 1462    36.789
 1459 1845    38.284
 1462  799    32.667
 1462  818    49.974
 1462  827    47.288
 1462 1453    45.089
 1462 1459    10.085
 1462 1585    47.660
 1462 1846    35.319
 1463 1461    48.747
 1463 1469    46.373
 1464 1443    40.965
 1464 1456    42.863
 1464 1462    17.340
 1464 1845    44.572
 1466 1641    34.445
 1466 1776    39.000
 1467  814    48.889
 1467 1412    35.507
 1467 1420    42.611
 1467 1639    48.993
 1467 1642    28.786
 1467 1777    43.332
 1467 1844    43.877
 1468  728    49.923
 1468 1467    48.350
 1469 1465    21.118
 1471 1469    41.899
 1473 1484    47.477
 1473 1841    48.263
 1474  738    47.819
 1474 1471    46.631
 1481 1479    38.449
 1484 1482    48.581
 1485 1471    44.284
 1490 1781    45.965
 1493 1492    42.018
 1499 1497    38.151
 1504 1504    38.143
 1507 1506    34.895
 1512 1508    41.490
 1516 1511    49.646
 1517  743    47.941
 1518  741    45.270
 1518 1511    35.666
 1518 1514    24.052
 1519 1515    41.884
 1520 1521    46.311
 1524 1522    49.273
 1528 1525     7.812
 1536 1532    42.876
 1540 1536    46.759
 1541 1537    48.555
 1545 1541    21.112
 1549 1456    47.561
 1549 1545    28.717
 1549 1845    49.122
 1550 1442    45.377
 1550 1542    49.495
 1551  828    34.866
 1551 1548    45.658
 1551 1846    42.940
 1552 1637    49.296
 1554 1456    48.480
 1554 1552    42.164
 1556 1541    46.432
 1559 1557    48.114
 1565 1562    41.295
 1566 1563    33.676
 1567 1559    48.209
 1569 1568    42.068
 1578 1576    32.752
 1580 1577    39.836
 1585 1582    46.577
 1585 1591    43.927
 1587 1585    39.014
 1588 1587    41.759
 1588 1589    38.056
 1590 1588    16.654
 1591 1589    33.583
 1592 1591    41.600
 1593 1590    37.417
 1596 1593    40.129
 1596 1606    49.247
 1601 1443    46.000
 1601 1456    49.535
 1605 1590    49.111
 1605 1605    49.491
 1607 1442    46.425
 1607 1590    46.179
 1607 1637    48.003
 1608  802    49.467
 1610 1386    49.489
 1617 1615    42.066
 1618 1617    41.895
 1622 1625    40.680
 1622 1843    48.289
 1623 1626    49.893
 1623 1629    48.532
 1623 1642    46.545
 1623 1844    43.806
 1626 1625    40.800
 1626 1843    41.449
 1631 1627    46.889
 1631 1628    43.957
 1632 1619    49.713
 1633 1362    49.164
 1633 1364    45.600
 1633 1620    48.155
 1633 1839    46.475
 1637  804    38.166
 1637 1431    48.602
 1637 1598    45.821
 1638 1442    46.787
 1638 1637    39.712
 1639  850    47.475
 1639 1380    49.698
 1639 1411    36.908
 1639 1413    43.990
 1639 1625    48.449
 1639 1638    10.762
 1639 1701    49.848
 1639 1780    37.925
 1639 1843    44.678
 1640  780    47.499
 1640  802    42.160
 1640 1456    46.275
 1641 1642    48.743
 1642 1781    46.571
 1643 1640    32.723
 1643 1846    43.733
 1644 1641    28.014
 1644 1776    47.216
 1645 1640    48.644
 1645 1781    36.943
 1646 1649    40.617
 1650 1645    32.739
 1658 1657    34.102
 1660  814    49.105
 1660 1642    45.874
 1660 1655    35.016
 1660 1660    29.678
 1660 1844    49.053
 1661  816    48.362
 1661 1411    49.894
 1661 1421    46.249
 1661 1466    43.574
 1661 1655    49.370
 1661 1660    34.623
 1661 1661    45.110
 1661 1844    43.397
 1662  815    48.985
 1662 1426    49.791
 1662 1843    45.427
 1664 1426    49.417
 1664 1843    45.811
 1666  737    42.758
 1666  897    47.049
 1666 1465    40.961
 1666 1801    36.687
 1667  738    32.771
 1667  898    42.806
 1667 1653    47.963
 1667 1802    37.934
 1673 1671    34.758
 1678 1676    48.773
 1679 1677    48.742
 1688 1690    48.162
 1695 1694    40.924
 1696 1695    32.805
 1701 1701    46.470
 1702 1702    43.525
 1704 1704    34.615
 1705 1705    46.624
 1706 1706    31.635
 1708 1708    19.868
 1711 1711    49.736
 1713 1713    26.179
 1714 1714    30.714
 1719 1721    24.523
 1720 1722    42.863
 1724 1724    36.245
 1733 1732    39.822
 1734 1736    46.540
 1735 1734    42.285
 1736 1735    37.404
 1737 1738    45.443
 1739 1739    42.220
 1740 1741    29.869
 1746 1749    44.496
 1748 1746    42.450
 1749 1748    44.938
 1750 1752    31.835
 1751 1750    40.837
 1761 1761    23.535
 1761 1845    46.464
 1763 1763    21.629
 1764 1764    29.763
 1765 1765    49.880
 1767 1767    36.061
 1768 1768    43.825
 1774 1411    47.738
 1774 1638    46.352
 1774 1780    49.050
 1776 1421    46.684
 1776 1466    43.563
 1778 1778    35.302
 1779 1781    45.976
 1780  850    49.606
 1780 1407    48.633
 1780 1408    43.211
 1780 1411    42.864
 1780 1484    49.449
 1780 1638    37.628
 1780 1780    16.264
 1780 1843    43.256
 1781 1781    19.728
 1784  737    45.882
 1784 1465    43.972
 1784 1801    38.567
 1785  738    41.898
 1785 1802    44.569
 1786 1786    33.990
 1787 1787    48.460
 1787 1837    39.546
 1792  748    48.729
 1792 1794    20.074
 1797 1796    19.736
 1801  737    46.576
 1801 1465    45.082
 1801 1801     7.953
 1802  738    43.125
 1802 1653    47.994
 1802 1802     7.751
 1803 1803     7.887
 1809 1810    31.484
 1810 1809     9.656
 1812 1812    13.641
 1813 1813    15.945
 1815 1466    47.865
 1815 1817    49.284
 1816 1818    44.997
 1818 1818    44.090
 1819 1817    46.121
 1821 1821    40.757
 1822 1669    49.866
 1822 1822    19.026
 1823 1668    48.774
 1823 1823    11.131
 1824 1824    15.563
 1825 1432    48.430
 1825 1825    12.176
 1826 1826    39.341
 1827 1826    31.085
 1832 1832    34.169
 1833 1833     4.422
 1835 1835    10.079
 1836 1836    13.720
 1837  751    48.735
 1837  894    46.577
 1837 1404    26.178
 1837 1791    43.494
 1837 1831    48.200
 1838 1838    48.813
 1839 1838    38.126
 1840 1840    37.233
 1841 1424    48.020
 1841 1663    48.670
 1841 1664    35.086
 1842 1665    38.822
 1842 1840    47.024
 1843  815    46.728
 1843  850    40.753
 1843 1181    47.201
 1843 1426    49.046
 1843 1625    41.022
 1843 1638    41.891
 1843 1701    49.623
 1843 1780    39.812
 1843 1843     7.440
 1844 1628    49.834
 1844 1781    38.811
 1845  804    40.823
 1845 1446    48.107
 1846  799    39.500
 1846  828    47.597
 1846 1453    48.121
 1846 1459    38.640
 1846 1640    39.659
 1846 1846     6.168
 1847 1847    23.726
 1848 1848    23.056
