145   1  -3.06278389E-02
145   2   1.73323344E-02
145   3  -4.80275166E-02
145   4   2.65830801E-02
145   5   2.92368382E-02
145   6  -6.38003197E-02
145   7   7.07653783E-03
145   8  -1.73087593E-02
145   9  -1.61662882E-02
145  10   1.55707651E-03
145  11  -1.38123301E-02
145  12  -2.23138555E-02
145  13   1.74855998E-02
145  14   1.42936526E-03
145  15  -1.77836589E-02
145  16  -2.84873433E-02
145  17  -6.23943353E-05
145  18  -7.00354198E-02
145  19  -1.12452265E-01
145  20  -1.68936227E-02
145  21  -1.80935086E-03
145  22   5.89399205E-03
145  23   2.03467031E-03
145  24  -1.09337523E-02
145  25  -8.28293635E-04
145  26  -1.03731382E-01
145  27  -1.81554916E-01
145  28  -2.46980201E-02
145  29   1.29040089E-03
145  30   1.75179437E-01
145  31   2.95135831E-01
145  32   4.00369074E-02
145  33  -5.12581122E-03
145  34  -9.40485950E-03
145  35   1.15112548E-02
145  36   3.41464263E-02
145  37  -1.75075042E-03
145  38   2.02571859E-01
145  39   3.61892042E-01
145  40   4.47654051E-02
145  41   1.10780797E-03
145  42  -9.82138509E-02
145  43  -1.68754739E-01
145  44  -2.36867188E-02
145  45  -9.03582169E-04
145  46   8.38991814E-03
145  47   3.10013625E-04
145  48  -2.04822214E-02
145  49  -4.79804965E-04
145  50  -8.77532701E-02
145  51  -1.63919545E-01
145  52  -1.97430603E-02
145  53  -1.71676798E-02
145  54  -9.83361981E-03
145  55  -1.14697593E-02
145  56   4.18912223E-04
145  57  -3.25603557E-03
145  58  -4.04566237E-03
145  59  -1.95609586E-02
145  60   2.65745977E-03
145  61   1.59594893E-02
145  62   9.26121328E-04
145  63  -1.71168427E-02
145  64  -2.23347107E-03
145  65   3.60685374E-03
145  66  -1.50718488E-02
145  67  -1.99872217E-02
145  68  -1.28171910E-03
145  69   1.65937094E-02
145  70  -6.97992150E-03
145  71   1.14187676E-02
145  72   5.06157532E-03
145  73   5.44391287E-02
145  74   2.40913737E-02
145  75   3.66188093E-02
145  76   2.51035077E-02
145  77  -1.34359139E-02
145  78   1.14985803E-02
145  79   2.80947359E-03
145  80   2.24212143E-02
145  81  -6.36746257E-02
145  82   8.17187725E-03
145  83   5.91612564E-02
145  84   2.14542265E-02
145  85  -1.09675646E-02
145  86  -5.08026592E-03
145  87  -4.51043288E-03
145  88  -1.42339497E-02
145  89   2.29828919E-02
145  90  -1.23000185E-02
145  91  -9.81433292E-03
145  92   2.33112554E-02
145  93   1.49230269E-02
145  94   7.77250607E-03
145  95  -9.42551864E-03
145  96  -1.38877397E-02
145  97  -2.81747230E-02
145  98  -2.66166843E-02
145  99  -6.32677920E-03
145 100   2.24783593E-02
145 101   2.50651729E-02
145 102   1.95345376E-02
145 103   6.93076868E-03
145 104  -9.06486385E-03
145 105  -5.31713476E-02
145 106   1.76872912E-02
145 107   4.54120448E-02
145 108  -1.78469419E-02
145 109  -2.68383272E-02
145 110  -2.20622624E-03
145 111   1.37514696E-02
145 112  -8.77353263E-03
145 113   6.11956108E-02
145 114   4.58012984E-02
145 115   4.27749710E-02
145 116  -1.26821874E-02
145 117  -1.49262996E-02
145 118  -4.38415139E-02
145 119   1.25624369E-02
145 120  -2.85195039E-03
145 121  -1.69170345E-02
145 122   4.08349590E-02
145 123  -4.02993342E-02
145 124  -1.44638233E-02
145 125   1.15735156E-02
145 126   3.01076255E-02
145 127  -3.29942406E-02
145 128   2.48185433E-02
145 129   2.18516006E-02
145 130  -2.70881341E-02
145 131  -4.10034989E-03
145 132  -5.17651178E-02
145 133  -3.97071004E-03
145 134  -4.74145245E-03
145 135   2.38852002E-03
145 136   6.45361896E-03
145 137  -3.88384450E-03
145 138  -1.58643622E-03
145 139   4.75767526E-03
145 140   1.07458193E-03
145 141  -1.34490806E-03
145 142   7.64688855E-04
145 143   1.42921402E-04
145 144   4.65108459E-04
145 145   2.66346167E-03
145 146   1.15206230E-03
145 147  -2.17264802E-03
145 148   2.46795911E-03
145 149  -1.22208630E-03
145 150   3.07745746E-02
145 151   5.22572965E-02
145 152   4.74903496E-03
145 153  -6.24890781E-02
145 154  -4.03560504E-02
145 155   1.04955057E-01
145 156   1.23223834E-03
145 157  -2.14306321E-02
145 158  -3.59243165E-02
145 159  -7.43466330E-03
145 160  -8.06436559E-04
145 161   5.28741418E-02
145 162  -5.38235051E-02
145 163  -2.24468841E-03
145 164  -1.70019611E-02
145 165  -2.78587947E-02
145 166  -2.03110541E-03
145 167  -2.37013337E-04
145 168  -3.30802003E-02
145 169   3.60162963E-02
145 170  -5.35225894E-04
145 171  -2.16056579E-02
145 172  -4.21388506E-02
145 173  -6.23744264E-03
145 174   1.37958097E-03
145 175  -5.69381700E-02
145 176   5.65905469E-02
145 177   2.37441700E-03
145 178  -2.19901173E-02
145 179  -3.77211628E-02
145 180  -3.79748244E-03
145 181  -1.63859783E-04
145 182   4.83299206E-02
145 183  -5.10708279E-02
145 184   1.45486147E-03
145 185   3.66618608E-02
145 186   6.25394427E-02
145 187   5.38087992E-03
145 188  -1.27704733E-01
145 189   6.72418617E-02
145 190   5.78163445E-02
145 191  -7.99825927E-04
145 192   1.37910988E-03
145 193   2.83381061E-03
145 194  -4.00129851E-03
145 195   1.44616598E-03
145 196   2.96564282E-03
145 197  -3.31321179E-03
145 198   3.19704651E-03
145 199   1.34272810E-03
145 200  -1.55200527E-03
145 201  -3.76098695E-03
145 202  -8.58862273E-04
145 203  -7.62305650E-03
145 204   4.42654938E-03
145 205  -5.81431219E-04
145 206  -1.50925274E-03
145 207   1.26102360E-03
145 208   5.81129128E-03
145 209   5.41533882E-03
145 210   5.94074706E-03
145 211  -1.07860387E-02
145 212   3.27413780E-03
145 213  -1.54658778E-01
145 214  -2.58017531E-01
145 215  -3.15279996E-02
145 216   1.49180468E-03
145 217   9.64151982E-02
145 218   1.58337245E-01
145 219   2.19803095E-02
145 220  -1.59181432E-03
145 221   6.55934660E-02
145 222   1.08429899E-01
145 223   1.66410098E-02
145 224  -2.79545914E-04
145 225  -5.18046317E-03
145 226  -2.11152108E-04
145 227   1.13539351E-02
145 228   2.78881479E-03
145 229  -6.36337532E-03
145 230  -3.07050581E-03
145 231   1.99848419E-02
145 232  -7.66524639E-04
145 233   1.15908151E-02
145 234  -3.77437988E-03
145 235  -2.90118948E-02
145 236  -7.33164722E-04
145 237   9.68772375E-02
145 238   1.75803563E-01
145 239   2.15435859E-02
145 240   8.70491296E-04
145 241   8.60908896E-02
145 242   1.56270101E-01
145 243   1.98579672E-02
145 244  -4.28189424E-03
145 245  -1.79624159E-01
145 246  -3.16105691E-01
145 247  -3.44504508E-02
145 248   4.30393723E-05
145 249  -1.39641643E-03
145 250  -1.34507124E-03
145 251  -1.37955726E-03
145 252  -1.62067344E-03
145 253   1.16393721E-04
145 254   1.14705286E-03
145 255  -1.32430276E-03
145 256  -1.85167658E-03
145 257   2.64180389E-06
145 258   2.11919489E-04
145 259  -8.07504943E-05
145 260  -8.12421344E-04
145 261   5.51789147E-03
145 262   6.09597815E-03
145 263   7.37808514E-03
145 264  -9.48142811E-04
145 265   5.19027155E-04
145 266   1.11128984E-04
145 267   6.52847682E-04
145 268   1.52982283E-04
145 269   2.10380486E-04
145 270  -2.72176009E-03
145 271   7.87915670E-04
145 272   3.44524728E-03
145 273   1.76100218E-03
145 274  -6.49154443E-04
145 275   3.50180609E-03
145 276   2.53912039E-03
145 277   9.66766058E-04
145 278   1.33110186E-03
145 279   1.58275441E-03
145 280  -1.68011654E-04
145 281  -2.46396576E-03
145 282  -3.33955632E-04
145 283  -2.64412525E-03
145 284  -2.70544231E-03
145 285  -5.68583606E-04
145 286   3.02608171E-03
145 287  -3.27316049E-03
145 288  -2.27106451E-03
146   1  -1.39865859E-02
146   2   9.67536999E-03
146   3  -2.16325307E-02
146   4   1.79429383E-02
146   5   4.88965099E-03
146   6   1.59414546E-02
146   7   3.09194039E-02
146   8  -3.99772623E-02
146   9   1.53275645E-02
146  10  -4.17199619E-03
146  11   1.13962248E-02
146  12   1.89763340E-02
146  13  -4.61278451E-03
146  14  -3.38796638E-03
146  15  -2.72249484E-02
146  16  -2.81438814E-02
146  17  -1.30375843E-03
146  18   7.33812614E-02
146  19   1.21172968E-01
146  20   1.97809559E-02
146  21  -4.05390528E-05
146  22   6.25986431E-02
146  23  -1.49056890E-02
146  24  -1.53634404E-01
146  25  -9.50472318E-05
146  26  -5.97506046E-02
146  27  -1.04052872E-01
146  28  -1.33807530E-02
146  29  -3.96326615E-03
146  30  -1.73806956E-01
146  31  -2.87278254E-01
146  32  -3.47166025E-02
146  33   8.16757989E-05
146  34  -1.29984957E-01
146  35   2.75633951E-02
146  36   3.24749878E-01
146  37   9.46057848E-04
146  38   1.18222360E-01
146  39   2.13469171E-01
146  40   2.97160487E-02
146  41  -1.19805127E-03
146  42   8.70343370E-02
146  43   1.51926850E-01
146  44   2.15896086E-02
146  45   1.03972064E-04
146  46   5.83931961E-02
146  47  -1.30191632E-02
146  48  -1.53295872E-01
146  49   3.09077681E-04
146  50  -5.26082310E-02
146  51  -9.73875787E-02
146  52  -1.06806918E-02
146  53   6.52652998E-04
146  54  -8.34836559E-03
146  55   2.82894293E-03
146  56   1.69740394E-02
146  57   1.09413638E-02
146  58   2.04974420E-02
146  59   2.31842898E-02
146  60  -5.10449780E-03
146  61  -6.56337511E-03
146  62   1.78151002E-02
146  63   2.14389755E-03
146  64  -3.47568319E-02
146  65  -4.73634328E-03
146  66  -1.30756732E-02
146  67  -1.92158478E-02
146  68  -7.77852296E-03
146  69  -1.23250562E-02
146  70  -5.86640152E-03
146  71  -2.85628295E-03
146  72  -1.88987160E-02
146  73  -5.25510047E-02
146  74  -9.45938621E-03
146  75  -4.86282399E-02
146  76  -1.72745956E-02
146  77   4.52109578E-02
146  78  -3.98073869E-03
146  79   2.14340206E-02
146  80   6.01157662E-02
146  81  -2.26174390E-02
146  82   8.24021256E-03
146  83   4.51877376E-02
146  84   2.00237808E-02
146  85   7.60143326E-03
146  86  -7.81492508E-03
146  87   6.83168707E-03
146  88   1.39694765E-02
146  89  -1.94961071E-02
146  90   2.19483957E-02
146  91   5.99813423E-03
146  92  -2.10846102E-02
146  93   2.63823887E-02
146  94   2.40616333E-02
146  95   1.51708149E-02
146  96  -1.98041193E-02
146  97  -2.36865554E-02
146  98  -1.83487460E-02
146  99  -1.61472846E-02
146 100   8.95183868E-03
146 101   1.20135033E-02
146 102   1.43387398E-02
146 103   3.06582803E-03
146 104  -1.09106490E-02
146 105   2.70244882E-02
146 106  -4.34065999E-02
146 107  -5.00145423E-02
146 108   2.41788371E-02
146 109  -3.23294746E-02
146 110  -4.34526488E-02
146 111  -1.91296147E-02
146 112   5.55079365E-02
146 113   3.43963080E-02
146 114   2.76584197E-02
146 115   2.91642988E-02
146 116  -9.49933974E-03
146 117  -5.47722434E-03
146 118  -2.24700951E-02
146 119   9.31743661E-03
146 120   5.03553867E-03
146 121   2.85053276E-02
146 122   1.68777403E-02
146 123   2.00003094E-02
146 124   3.10740913E-02
146 125  -2.58798250E-02
146 126   9.72359934E-03
146 127  -3.16982549E-02
146 128  -3.10698305E-02
146 129   1.15952523E-02
146 130  -1.28302751E-02
146 131  -4.40639826E-03
146 132  -3.06501347E-02
146 133  -4.19494546E-03
146 134   9.42125065E-03
146 135  -9.88253700E-03
146 136   4.90767398E-03
146 137   5.17475667E-03
146 138  -6.71818386E-04
146 139   2.19870909E-03
146 140  -5.06034719E-03
146 141   1.01611114E-03
146 142   3.17026525E-05
146 143  -6.70564451E-04
146 144   1.67801172E-03
146 145   4.28392759E-04
146 146   2.08513893E-04
146 147   1.56139441E-03
146 148  -1.06880047E-03
146 149   7.99494643E-04
146 150  -3.00746814E-02
146 151  -4.99918022E-02
146 152  -4.33512003E-03
146 153   6.12721952E-02
146 154   3.93210424E-02
146 155  -1.02215358E-01
146 156   1.99661219E-03
146 157   2.09599092E-02
146 158   3.39278643E-02
146 159   5.11858666E-03
146 160  -4.49909758E-04
146 161  -4.95241833E-02
146 162   4.76005822E-02
146 163   4.38214380E-04
146 164   1.56453957E-02
146 165   3.00547330E-02
146 166   4.34778655E-03
146 167   1.85512102E-03
146 168   3.72229641E-02
146 169  -3.93882645E-02
146 170  -7.42471416E-04
146 171  -1.29361713E-02
146 172  -2.44295243E-02
146 173  -3.53519403E-03
146 174   7.92986818E-04
146 175  -3.30240742E-02
146 176   3.33197398E-02
146 177   8.59679243E-04
146 178  -1.29668398E-02
146 179  -2.29608923E-02
146 180  -1.91669356E-03
146 181  -2.09283658E-04
146 182   2.98636193E-02
146 183  -3.06208740E-02
146 184   1.13329418E-03
146 185   2.11952564E-02
146 186   3.65816620E-02
146 187   3.37739166E-03
146 188  -7.51197557E-02
146 189   3.94201840E-02
146 190   3.38273384E-02
146 191  -3.54230145E-04
146 192   1.42636848E-02
146 193  -2.66647064E-03
146 194  -3.60344496E-02
146 195   1.59073653E-03
146 196   4.50559289E-02
146 197  -4.62482560E-02
146 198   6.74837800E-04
146 199   1.41585716E-02
146 200  -3.14651189E-03
146 201  -3.60549375E-02
146 202  -2.93579109E-04
146 203  -4.53484148E-02
146 204   4.46413278E-02
146 205   1.51644155E-03
146 206  -2.11350854E-02
146 207   6.90906379E-03
146 208   5.61440800E-02
146 209   5.08699402E-02
146 210   5.40094271E-02
146 211  -1.07401925E-01
146 212  -3.41125724E-03
146 213   1.52003952E-01
146 214   2.51768526E-01
146 215   3.09293164E-02
146 216   1.15257947E-03
146 217  -8.60289186E-02
146 218  -1.48552298E-01
146 219  -2.15837236E-02
146 220   3.51897365E-04
146 221  -7.08027834E-02
146 222  -1.19660164E-01
146 223  -1.76799191E-02
146 224  -9.47642738E-04
146 225  -6.02243838E-02
146 226   1.44971166E-02
146 227   1.52836249E-01
146 228  -4.62914246E-04
146 229  -5.91225620E-02
146 230   1.36413140E-02
146 231   1.50993703E-01
146 232  -3.63950780E-03
146 233   1.10773372E-01
146 234  -2.98629248E-02
146 235  -2.85463438E-01
146 236  -1.18565809E-03
146 237   5.68240506E-02
146 238   1.04064042E-01
146 239   1.13324351E-02
146 240   2.95151522E-04
146 241   5.32240950E-02
146 242   9.53402237E-02
146 243   1.16141286E-02
146 244  -2.37713796E-03
146 245  -1.05859476E-01
146 246  -1.86317351E-01
146 247  -2.04912702E-02
146 248  -1.23387960E-05
146 249   3.62868521E-04
146 250  -1.46207127E-04
146 251   6.38174087E-05
146 252   1.28436533E-04
146 253  -2.02170181E-05
146 254   5.15907425E-03
146 255  -2.83722066E-03
146 256  -6.36231926E-03
146 257  -1.47504099E-05
146 258   1.27194777E-03
146 259  -6.59254998E-04
146 260  -1.53648697E-03
146 261  -2.58199222E-04
146 262   7.24425043E-03
146 263  -3.42598339E-03
146 264  -9.39459588E-03
146 265  -4.81429728E-05
146 266  -4.83286683E-04
146 267   1.47065391E-04
146 268   5.10996866E-04
146 269  -2.44186073E-05
146 270  -9.00686989E-03
146 271   3.95794373E-03
146 272   1.11870703E-02
146 273   2.59248916E-05
146 274  -3.19058856E-03
146 275   1.23437545E-03
146 276   3.35733287E-03
146 277  -4.53723952E-05
146 278  -2.84986373E-03
146 279   1.01200697E-03
146 280   3.09482754E-03
146 281   5.85412008E-05
146 282   7.64841624E-03
146 283  -3.17139432E-03
146 284  -7.44607886E-03
146 285  -1.14748577E-04
146 286   7.08516164E-03
146 287  -3.13113175E-03
146 288  -7.35454879E-03
147   1  -1.19807380E-03
147   2  -3.29162864E-03
147   3   2.22558763E-03
147   4  -9.56259704E-04
147   5   4.55522166E-04
147   6   1.88491622E-03
147   7  -1.89074927E-03
147   8   5.29596493E-04
147   9  -1.09432437E-03
147  10   3.00610971E-03
147  11  -2.00061163E-03
147  12   1.12765028E-03
147  13   1.34680682E-04
147  14  -1.33381733E-03
147  15   4.19686650E-04
147  16  -9.04738830E-04
147  17   2.16061787E-03
147  18  -2.27187400E-03
147  19  -8.30771298E-03
147  20  -3.13613700E-03
147  21  -2.26052240E-03
147  22  -2.28880326E-03
147  23   3.68309958E-03
147  24   7.11256991E-03
147  25  -2.21624225E-03
147  26  -2.33862623E-03
147  27  -8.42006218E-03
147  28  -3.20549013E-03
147  29  -1.45982177E-03
147  30   2.18807255E-03
147  31  -6.73764800E-05
147  32   2.55774107E-03
147  33  -5.10554179E-04
147  34  -1.95214045E-03
147  35   1.74171544E-03
147  36  -5.36998458E-04
147  37  -4.74289164E-04
147  38   3.18915571E-03
147  39   5.00113957E-04
147  40   1.04341199E-04
147  41  -2.65658375E-03
147  42   3.64848633E-03
147  43   6.13170209E-03
147  44   4.26388437E-03
147  45   2.15476564E-03
147  46   7.20331894E-04
147  47  -2.61087460E-03
147  48  -8.18193529E-03
147  49   1.99970292E-03
147  50   3.59090133E-03
147  51   5.97446129E-03
147  52   3.38220290E-03
147  53  -2.59363146E-03
147  54   3.88580259E-02
147  55  -1.75512065E-02
147  56   1.64979430E-02
147  57  -1.46063133E-04
147  58  -3.98147877E-02
147  59   2.39261781E-02
147  60  -1.91405764E-02
147  61   1.04954843E-04
147  62   3.74237669E-02
147  63  -2.32081917E-02
147  64   1.65174263E-02
147  65  -1.12247803E-04
147  66  -3.57632392E-02
147  67   2.12768820E-02
147  68  -1.55951828E-02
147  69  -3.73170964E-03
147  70  -2.28808870E-01
147  71   1.48047571E-01
147  72  -1.06617489E-01
147  73   3.60620468E-04
147  74   2.28148270E-01
147  75  -1.42425110E-01
147  76   1.10222984E-01
147  77   2.74606132E-04
147  78  -2.33327980E-01
147  79   1.44677418E-01
147  80  -1.03959320E-01
147  81  -5.27572174E-05
147  82   2.33649727E-01
147  83  -1.43170775E-01
147  84   1.05958882E-01
147  85  -8.33241826E-04
147  86  -1.30636131E-01
147  87   8.99002241E-02
147  88  -6.77375170E-02
147  89   3.59231869E-04
147  90   1.34595620E-01
147  91  -8.81001415E-02
147  92   6.64228915E-02
147  93   7.51196179E-05
147  94  -1.38494786E-01
147  95   8.57160754E-02
147  96  -6.27774146E-02
147  97  -1.01380881E-04
147  98   1.38816302E-01
147  99  -8.56889312E-02
147 100   6.31875335E-02
147 101  -2.56707912E-03
147 102   2.48094703E-01
147 103  -1.43516833E-01
147 104   1.14482746E-01
147 105   2.17730362E-04
147 106  -2.46875521E-01
147 107   1.52222121E-01
147 108  -1.10741315E-01
147 109  -6.92696737E-05
147 110   2.48997989E-01
147 111  -1.51236499E-01
147 112   1.09880170E-01
147 113   5.24784792E-04
147 114  -2.47281590E-01
147 115   1.46885613E-01
147 116  -1.15896062E-01
147 117  -6.83567220E-04
147 118   1.28238733E-01
147 119  -7.04271074E-02
147 120   6.28372270E-02
147 121   5.08409614E-04
147 122  -1.26791706E-01
147 123   7.76169968E-02
147 124  -5.65688840E-02
147 125  -1.43646851E-04
147 126   1.25292412E-01
147 127  -7.66732981E-02
147 128   5.55171625E-02
147 129   9.30663566E-04
147 130  -1.25369115E-01
147 131   7.17785643E-02
147 132  -5.94819510E-02
147 133   3.85061436E-04
147 134  -5.78759416E-05
147 135  -1.26933825E-04
147 136   9.21080937E-04
147 137   1.05357553E-03
147 138   1.10714826E-03
147 139  -9.65329655E-05
147 140   4.98404492E-05
147 141   3.34858679E-03
147 142  -2.73942121E-03
147 143  -2.57025778E-03
147 144  -2.85553787E-03
147 145   2.90508186E-03
147 146   2.83101719E-03
147 147   7.33522129E-04
147 148  -6.35442111E-05
147 149  -1.21816825E-05
147 150   6.53280795E-05
147 151   3.20321013E-05
147 152   4.80198885E-05
147 153  -6.12604140E-04
147 154   1.10019037E-04
147 155   5.10755078E-04
147 156  -3.08029644E-03
147 157  -1.80105228E-02
147 158  -3.21691938E-02
147 159  -7.52586177E-04
147 160   4.04736252E-03
147 161  -4.69785070E-03
147 162   3.64393031E-03
147 163   9.07910487E-04
147 164   2.01378908E-02
147 165   3.04013410E-02
147 166   2.88754954E-03
147 167  -6.57755400E-04
147 168  -5.12124747E-03
147 169   4.87350880E-03
147 170  -1.02424278E-03
147 171   1.94302887E-02
147 172   3.06359081E-02
147 173   2.89946687E-03
147 174   1.57161530E-03
147 175  -5.43092788E-03
147 176   4.74901790E-03
147 177   2.15677636E-03
147 178  -1.76830064E-02
147 179  -3.26102604E-02
147 180  -1.35923118E-03
147 181  -2.45939993E-03
147 182  -3.94462666E-03
147 183   4.32547379E-03
147 184  -4.31916817E-05
147 185   2.62291776E-04
147 186   2.07906133E-04
147 187   1.89512037E-05
147 188  -6.22925018E-04
147 189   5.56644529E-05
147 190   6.06632469E-04
147 191  -1.91599449E-03
147 192   1.24064674E-02
147 193  -1.14366541E-03
147 194  -3.43418081E-02
147 195   3.19271430E-03
147 196  -5.23584409E-03
147 197   3.73053071E-03
147 198   1.62115988E-03
147 199  -1.53021395E-02
147 200   2.25023662E-03
147 201   3.32247646E-02
147 202  -2.05613125E-03
147 203  -4.44818485E-03
147 204   5.02283187E-03
147 205   8.58185540E-06
147 206   5.38618945E-04
147 207  -3.54637370E-04
147 208   2.87160432E-04
147 209   1.96116215E-05
147 210   1.34685558E-04
147 211  -1.64720973E-04
147 212   9.84641241E-06
147 213  -2.02274792E-03
147 214  -4.71460191E-04
147 215  -7.81421842E-04
147 216  -6.45294776E-03
147 217  -2.76158142E-03
147 218   8.63286578E-03
147 219   2.12138368E-03
147 220   6.76736444E-03
147 221  -5.54794881E-03
147 222  -1.68713740E-04
147 223  -7.20225111E-03
147 224  -6.05564496E-03
147 225   4.30676228E-03
147 226   1.12938994E-03
147 227   7.56489722E-03
147 228   6.18088463E-03
147 229   4.50903655E-03
147 230  -6.87951185E-03
147 231  -2.76741261E-03
147 232  -4.01018986E-05
147 233   1.24609036E-03
147 234  -6.87349570E-04
147 235   4.49361057E-05
147 236  -5.67286972E-03
147 237  -4.76806300E-03
147 238  -6.68537713E-04
147 239  -5.67985925E-03
147 240   5.84795746E-03
147 241  -2.54646428E-03
147 242   8.76921867E-03
147 243   2.20567778E-03
147 244  -9.86472067E-05
147 245  -2.10729938E-03
147 246  -1.06000376E-03
147 247  -6.93234441E-04
147 248  -1.51907923E-03
147 249   8.19482107E-04
147 250  -3.03146631E-03
147 251  -3.94164279E-03
147 252  -1.15840990E-03
147 253   1.97892867E-04
147 254   2.29294906E-03
147 255   4.15339070E-03
147 256   2.46900077E-03
147 257   1.70378675E-03
147 258  -1.08277379E-03
147 259   8.72896255E-04
147 260   4.37122400E-03
147 261   1.13132480E-02
147 262  -4.29074877E-03
147 263   9.07660417E-04
147 264   1.40161631E-03
147 265  -3.41813397E-03
147 266   1.83299346E-04
147 267  -3.59477643E-03
147 268  -1.18227997E-03
147 269   4.81965117E-03
147 270   7.08935911E-03
147 271   1.70761839E-03
147 272  -5.03633085E-03
147 273  -7.27600564E-03
147 274   1.96743809E-02
147 275  -1.85605827E-02
147 276  -2.75549643E-02
147 277  -2.30072796E-03
147 278  -2.53836568E-02
147 279   7.65488150E-03
147 280   2.56983702E-02
147 281   1.38840462E-02
147 282  -3.01248299E-03
147 283   9.95644153E-03
147 284  -6.41181569E-03
147 285   7.12558943E-04
147 286   1.86488629E-03
147 287  -4.65385407E-03
147 288   2.26089553E-02
148   1  -1.09674931E-04
148   2  -2.58868320E-01
148   3   1.50574810E-01
148   4  -1.24400820E-01
148   5   1.70844486E-04
148   6  -2.60720372E-01
148   7   1.59005349E-01
148   8  -1.15887218E-01
148   9  -2.85907635E-04
148  10  -1.84179984E-01
148  11   1.19839178E-01
148  12  -9.15051128E-02
148  13   4.37784993E-04
148  14  -1.89157105E-01
148  15   1.17379275E-01
148  16  -8.54296986E-02
148  17  -2.00519566E-02
148  18  -1.42560092E-02
148  19   9.09945622E-03
148  20   1.97965853E-02
148  21  -1.99628266E-02
148  22   4.56139766E-03
148  23   2.53722669E-02
148  24   7.85824034E-04
148  25   2.00095670E-02
148  26  -1.48340997E-02
148  27   7.84662972E-03
148  28   1.96789420E-02
148  29  -1.03592281E-04
148  30  -1.46724615E-02
148  31   4.48386473E-03
148  32  -6.17295302E-03
148  33  -1.73438646E-05
148  34  -1.30191104E-02
148  35   7.83790164E-03
148  36  -4.63221928E-03
148  37  -1.14831196E-04
148  38  -1.35702788E-02
148  39   5.97357974E-03
148  40  -6.10897487E-03
148  41   1.99500074E-02
148  42   2.93986148E-03
148  43   3.08284086E-03
148  44  -2.54630038E-02
148  45   1.99488889E-02
148  46  -1.76431976E-02
148  47  -1.71758441E-02
148  48  -7.95678916E-03
148  49  -2.00515872E-02
148  50   2.09813162E-03
148  51   1.89831555E-03
148  52  -2.57386356E-02
148  53   5.20705346E-04
148  54   2.96313779E-01
148  55  -1.80000861E-01
148  56   1.27536149E-01
148  57   2.78600149E-04
148  58   2.91833216E-01
148  59  -1.80648482E-01
148  60   1.35402654E-01
148  61   6.42524237E-05
148  62   2.93897236E-01
148  63  -1.79890446E-01
148  64   1.29301087E-01
148  65   1.88557743E-04
148  66   2.95221101E-01
148  67  -1.77434593E-01
148  68   1.33776197E-01
148  69  -1.60786058E-03
148  70   7.19843656E-02
148  71  -4.53385651E-02
148  72   3.73139857E-02
148  73  -1.96613190E-03
148  74   8.03148142E-02
148  75  -5.04089381E-02
148  76   3.83554750E-02
148  77  -1.98515267E-04
148  78   7.85238370E-02
148  79  -4.79601405E-02
148  80   3.52970916E-02
148  81   1.33149084E-04
148  82   7.55250720E-02
148  83  -4.63997432E-02
148  84   3.41700709E-02
148  85  -2.52581810E-03
148  86  -8.77903656E-02
148  87   6.40871292E-02
148  88  -4.78756656E-02
148  89   1.10635645E-03
148  90  -8.82803589E-02
148  91   5.79439706E-02
148  92  -4.44569368E-02
148  93  -1.47577749E-04
148  94  -8.96638151E-02
148  95   5.57285606E-02
148  96  -4.10228963E-02
148  97  -1.68812029E-04
148  98  -9.12739946E-02
148  99   5.73327852E-02
148 100  -4.18481595E-02
148 101   2.49553331E-03
148 102   3.03650597E-03
148 103  -3.71710551E-03
148 104   5.04181897E-03
148 105   4.71067078E-04
148 106   5.74612487E-03
148 107  -4.46357763E-03
148 108   2.92052038E-03
148 109   7.29567885E-05
148 110   8.61662161E-03
148 111  -5.37381559E-03
148 112   4.31851054E-03
148 113   1.39277948E-03
148 114   1.10721399E-02
148 115  -8.46099780E-03
148 116   5.74265965E-03
148 117   2.10002277E-03
148 118  -1.45251615E-02
148 119   2.54660244E-03
148 120  -1.16337212E-02
148 121  -7.47573692E-07
148 122  -1.07523679E-02
148 123   7.12458841E-03
148 124  -4.28087354E-03
148 125   1.27229206E-04
148 126  -9.32007682E-03
148 127   5.43298311E-03
148 128  -4.46757161E-03
148 129  -1.83809321E-03
148 130  -1.24734000E-02
148 131   6.14404535E-03
148 132  -6.33783393E-03
148 133  -2.27167714E-03
148 134  -4.70125558E-05
148 135  -2.16437817E-04
148 136  -1.16697067E-03
148 137   2.74249582E-03
148 138   1.45647096E-03
148 139  -2.87633721E-04
148 140  -1.39700502E-04
148 141  -2.31394514E-02
148 142  -2.30914055E-02
148 143   2.31811399E-02
148 144   2.31790241E-02
148 145   2.31184074E-02
148 146  -2.31453310E-02
148 147  -1.44433302E-03
148 148   5.19985385E-05
148 149  -2.20326509E-04
148 150   1.60440067E-03
148 151  -1.94351711E-03
148 152   8.00585202E-04
148 153   2.45909738E-03
148 154  -5.00080343E-04
148 155  -1.68626043E-03
148 156   1.26366140E-02
148 157  -6.45659850E-03
148 158   5.46697267E-03
148 159  -1.59687767E-02
148 160  -1.83083936E-02
148 161   2.01843609E-03
148 162   4.15540352E-03
148 163  -1.25730754E-02
148 164  -1.58132190E-02
148 165   7.08046240E-03
148 166   5.82952153E-03
148 167   1.85288903E-02
148 168  -1.22291296E-03
148 169  -5.27551701E-03
148 170   1.26487667E-02
148 171  -1.55564505E-02
148 172   7.15287549E-03
148 173   5.93595090E-03
148 174  -1.84889159E-02
148 175   4.27264901E-03
148 176   2.11527173E-03
148 177  -1.25017607E-02
148 178  -6.12231004E-03
148 179   6.54336908E-03
148 180  -1.58025014E-02
148 181   1.83738675E-02
148 182  -3.14501945E-03
148 183  -3.27624795E-03
148 184  -1.14881289E-04
148 185   1.85134251E-03
148 186  -1.50802567E-03
148 187   8.99862254E-04
148 188   9.10994784E-04
148 189   8.62546577E-04
148 190  -1.62437672E-03
148 191  -1.28625404E-02
148 192  -5.34630054E-03
148 193   1.72107877E-02
148 194  -2.97503795E-03
148 195   1.84219468E-02
148 196  -2.98599237E-03
148 197  -2.94667476E-03
148 198   1.28259071E-02
148 199  -1.68521754E-02
148 200  -3.66973401E-03
148 201  -5.88171114E-03
148 202  -1.84785605E-02
148 203   2.09390791E-03
148 204   3.98105035E-03
148 205   4.26960510E-05
148 206   2.04794581E-03
148 207  -1.27299786E-03
148 208   1.16040472E-03
148 209   1.47413233E-03
148 210  -9.01836250E-04
148 211  -6.30849281E-04
148 212  -2.66898741E-06
148 213   1.13977443E-02
148 214  -1.81744770E-05
148 215   4.47868203E-03
148 216   5.37668642E-02
148 217   4.78334358E-02
148 218  -3.18618602E-02
148 219  -1.31866953E-02
148 220  -5.37745349E-02
148 221   2.27817333E-02
148 222  -2.66312256E-02
148 223   4.75338820E-02
148 224  -5.36962708E-02
148 225   5.41815415E-02
148 226   4.89932361E-03
148 227   2.19977909E-02
148 228   5.37158233E-02
148 229   2.20875587E-02
148 230  -5.21311546E-02
148 231   1.56859510E-02
148 232  -3.53244442E-05
148 233   9.00471412E-03
148 234  -5.28791084E-03
148 235   2.02590713E-03
148 236   5.38993854E-02
148 237   2.53861981E-02
148 238  -2.31464383E-02
148 239   4.79053614E-02
148 240  -5.37836348E-02
148 241   4.99649198E-02
148 242  -2.80886733E-02
148 243  -1.30593133E-02
148 244   4.52415473E-05
148 245   9.57853078E-03
148 246  -2.92254457E-03
148 247   4.03593020E-03
148 248   1.79714878E-03
148 249   1.76357250E-02
148 250  -1.71446212E-02
148 251  -1.11305997E-02
148 252   1.12619623E-02
148 253   1.72478627E-03
148 254  -1.46041280E-02
148 255   1.84240042E-02
148 256   3.24249333E-02
148 257  -1.89450326E-03
148 258  -7.38022388E-03
148 259   1.47157716E-03
148 260   1.48466799E-02
148 261  -1.04297125E-03
148 262  -2.54589334E-02
148 263   1.24627874E-02
148 264   1.02536087E-02
148 265  -5.45515325E-04
148 266   8.60113930E-03
148 267  -3.23648469E-03
148 268  -1.00948451E-02
148 269  -1.46371940E-03
148 270   4.71640754E-02
148 271  -1.96627706E-02
148 272  -5.06057374E-02
148 273  -2.28163235E-02
148 274  -1.27093908E-02
148 275  -2.21914893E-02
148 276  -9.73677135E-03
148 277   2.22916087E-02
148 278   1.03005831E-02
148 279   2.51245356E-02
148 280  -3.90108231E-03
148 281   5.81010123E-02
148 282  -3.41565564E-03
148 283   2.90749516E-02
148 284   7.48047478E-02
148 285  -5.71913742E-02
148 286  -3.10892159E-02
148 287  -2.56865075E-02
148 288   6.64203052E-02
149   1   4.55361981E-03
149   2  -1.62961740E-01
149   3   8.78231946E-02
149   4  -7.47895193E-02
149   5  -1.10951682E-03
149   6   1.71258445E-01
149   7  -1.04344080E-01
149   8   7.62877108E-02
149   9  -6.15999932E-03
149  10  -1.23391626E-01
149  11   8.63729732E-02
149  12  -5.77165062E-02
149  13   1.27779695E-03
149  14   1.38753161E-01
149  15  -8.75802572E-02
149  16   6.41355456E-02
149  17   4.56204800E-03
149  18  -7.22222779E-03
149  19  -1.56861111E-02
149  20  -6.67952731E-03
149  21   2.79983460E-02
149  22  -1.00914811E-02
149  23  -2.25088836E-02
149  24  -3.20547569E-03
149  25   3.44416686E-03
149  26   7.51383683E-03
149  27   1.60166275E-02
149  28   4.49957758E-03
149  29  -7.60508651E-04
149  30  -2.01635203E-03
149  31   6.52208442E-04
149  32  -9.40953902E-04
149  33  -8.92933860E-06
149  34  -1.82028782E-02
149  35   1.12771676E-02
149  36  -7.16868101E-03
149  37  -4.11004394E-04
149  38   1.93012025E-03
149  39  -1.05890341E-03
149  40   7.56396238E-04
149  41  -5.23160746E-03
149  42   7.61334150E-03
149  43   1.59302778E-02
149  44   6.55990692E-03
149  45  -2.79274197E-02
149  46   1.31515958E-02
149  47   2.05204608E-02
149  48   4.08404114E-03
149  49  -3.34279933E-03
149  50  -8.12036479E-03
149  51  -1.57474630E-02
149  52  -4.32644684E-03
149  53   8.34846392E-04
149  54   3.19612591E-01
149  55  -1.94067319E-01
149  56   1.32032239E-01
149  57  -4.50647933E-04
149  58  -5.44574030E-02
149  59   3.72398888E-02
149  60  -2.63130759E-02
149  61  -3.01713653E-05
149  62  -3.19305763E-01
149  63   1.95760190E-01
149  64  -1.40830281E-01
149  65   1.61197444E-03
149  66   3.78601129E-02
149  67  -2.60929784E-02
149  68   1.78207845E-02
149  69   1.36188648E-02
149  70  -3.82300190E-02
149  71   2.35665714E-02
149  72  -2.89860657E-02
149  73   3.07201266E-03
149  74   2.13537960E-01
149  75  -1.35671513E-01
149  76   1.02911463E-01
149  77  -7.41862922E-04
149  78   2.56904758E-02
149  79  -1.63893763E-02
149  80   1.21292203E-02
149  81   1.06286346E-03
149  82  -2.16706488E-01
149  83   1.33612294E-01
149  84  -9.92062782E-02
149  85   1.07511512E-03
149  86  -2.06397010E-01
149  87   1.46131318E-01
149  88  -1.03365025E-01
149  89  -4.72626713E-03
149  90   9.64300982E-02
149  91  -6.04983345E-02
149  92   5.14089380E-02
149  93   1.41257633E-03
149  94   2.16153467E-01
149  95  -1.34944039E-01
149  96   9.91563857E-02
149  97  -7.53741392E-04
149  98  -9.18907308E-02
149  99   5.71486061E-02
149 100  -4.24189946E-02
149 101  -1.21163855E-02
149 102  -8.15807473E-02
149 103   5.43590188E-02
149 104  -5.04054462E-02
149 105  -4.47670317E-04
149 106  -1.92985434E-01
149 107   1.20124443E-01
149 108  -8.81439796E-02
149 109   9.07827675E-04
149 110   7.45942566E-02
149 111  -4.55176097E-02
149 112   3.35719847E-02
149 113  -3.27093706E-03
149 114   2.00270402E-01
149 115  -1.17898237E-01
149 116   9.24251513E-02
149 117  -8.51126937E-04
149 118  -1.83913015E-01
149 119   9.31564127E-02
149 120  -8.69265311E-02
149 121   4.91295739E-04
149 122  -9.15635469E-02
149 123   5.65832470E-02
149 124  -4.05914371E-02
149 125  -1.19271476E-03
149 126   1.75551703E-01
149 127  -1.06843099E-01
149 128   7.89093712E-02
149 129   4.05854479E-03
149 130   9.32800439E-02
149 131  -5.82128400E-02
149 132   4.86186805E-02
149 133  -8.72605582E-03
149 134  -2.29501811E-04
149 135  -4.57277984E-05
149 136  -8.72277804E-04
149 137   8.22286489E-03
149 138   4.48199089E-04
149 139   8.14912900E-05
149 140  -1.85399632E-04
149 141   4.27075250E-03
149 142   2.26450671E-02
149 143   3.03552861E-03
149 144  -3.94556597E-03
149 145  -2.26863658E-02
149 146  -2.94620335E-03
149 147   5.38818507E-04
149 148  -1.60588089E-03
149 149   1.48375243E-04
149 150   6.92099389E-04
149 151  -1.28910930E-03
149 152   3.86213764E-04
149 153  -1.77618613E-03
149 154   1.10631327E-03
149 155   4.78818185E-04
149 156  -3.29270755E-03
149 157  -2.10768406E-02
149 158  -4.35353783E-02
149 159  -4.40857638E-03
149 160   6.57327978E-03
149 161  -2.16707566E-02
149 162   1.97535994E-02
149 163   1.51867325E-03
149 164   2.72722301E-02
149 165   4.11826684E-02
149 166   5.22270349E-03
149 167  -2.41771103E-03
149 168  -2.18785624E-02
149 169   2.17773445E-02
149 170   2.12593562E-03
149 171  -2.61626426E-02
149 172  -4.15839462E-02
149 173  -5.26887553E-03
149 174  -2.79854851E-03
149 175   2.12244512E-02
149 176  -2.21151765E-02
149 177  -3.11102029E-03
149 178   2.19337630E-02
149 179   4.38659803E-02
149 180   3.08037852E-03
149 181   3.98957628E-03
149 182   2.15431703E-02
149 183  -2.05210946E-02
149 184  -3.08702936E-05
149 185  -1.32033658E-03
149 186   5.10951828E-04
149 187  -5.73715863E-04
149 188   1.96746660E-05
149 189   1.36509548E-03
149 190  -1.37021363E-03
149 191  -1.46663327E-02
149 192   2.38485058E-02
149 193   8.72818142E-03
149 194   4.90391570E-03
149 195  -2.19730925E-02
149 196   2.15550246E-02
149 197   2.45172250E-02
149 198   1.45794047E-02
149 199   3.64805263E-03
149 200  -2.52630275E-02
149 201   3.58491720E-03
149 202   2.21613607E-02
149 203  -2.25617396E-02
149 204  -2.36820233E-02
149 205  -6.80913994E-05
149 206  -1.91841766E-03
149 207   1.19090009E-03
149 208  -8.57577833E-04
149 209  -1.66875735E-03
149 210   1.17379390E-03
149 211   5.72228340E-04
149 212   2.32012011E-04
149 213  -1.67187782E-03
149 214   3.23059720E-04
149 215  -8.33597610E-04
149 216  -1.22578436E-02
149 217   2.70893272E-03
149 218   2.21001943E-02
149 219   4.42510550E-03
149 220   1.25010752E-02
149 221  -1.48414413E-02
149 222  -1.27282179E-02
149 223  -9.98076136E-03
149 224   7.32208780E-02
149 225  -5.70272103E-02
149 226  -6.97918122E-03
149 227  -2.35938465E-02
149 228  -7.34000063E-02
149 229  -2.24039632E-02
149 230   5.59517803E-02
149 231  -1.52032492E-02
149 232   1.13278392E-04
149 233  -3.86809678E-03
149 234   2.14450258E-03
149 235   1.35735495E-04
149 236   8.63815514E-03
149 237   1.27105506E-02
149 238   1.46952064E-02
149 239   8.33838258E-03
149 240  -8.74118925E-03
149 241  -4.25337340E-03
149 242  -2.09674692E-02
149 243  -3.87814139E-03
149 244   1.22784417E-04
149 245   7.80352678E-04
149 246   1.10724532E-04
149 247   2.71685360E-04
149 248   3.95110397E-03
149 249   1.90422623E-02
149 250  -1.89255014E-02
149 251  -6.21353122E-03
149 252   5.78101986E-03
149 253   1.73307810E-04
149 254  -3.84674040E-02
149 255   2.33597668E-02
149 256   5.35163304E-02
149 257  -1.83607705E-03
149 258  -2.13827481E-02
149 259   1.19737783E-02
149 260   3.19493152E-02
149 261  -1.32253855E-04
149 262   4.18248868E-02
149 263  -1.92072753E-02
149 264  -4.31705589E-02
149 265  -3.00105254E-05
149 266   3.88732386E-02
149 267  -1.84958339E-02
149 268  -4.24490952E-02
149 269  -2.45901060E-03
149 270   6.48077607E-02
149 271  -2.95019058E-02
149 272  -7.14899678E-02
149 273  -3.06143002E-02
149 274  -4.61821578E-02
149 275  -1.24654511E-02
149 276   3.46818394E-02
149 277   3.40738720E-02
149 278  -1.89863649E-02
149 279   4.14772372E-02
149 280   4.06462650E-02
149 281   6.40984403E-02
149 282  -1.11924859E-02
149 283   1.48084287E-02
149 284   7.96331239E-02
149 285  -6.60124813E-02
149 286  -2.30336295E-02
149 287  -1.22666994E-02
149 288   7.49910674E-02
150   1   2.45110652E-03
150   2  -1.54248459E-01
150   3   9.34323528E-02
150   4  -7.43066088E-02
150   5  -4.28281536E-04
150   6   1.55005122E-01
150   7  -9.35811130E-02
150   8   6.56384439E-02
150   9   2.85072085E-03
150  10   1.52911254E-01
150  11  -9.41110700E-02
150  12   7.58123598E-02
150  13   7.26040585E-04
150  14  -1.53505064E-01
150  15   9.35963080E-02
150  16  -6.74190890E-02
150  17   2.88072201E-02
150  18   1.27904338E-02
150  19  -1.46958168E-03
150  20  -2.22267592E-02
150  21   1.78017081E-03
150  22   5.99830242E-03
150  23  -3.23567109E-03
150  24  -1.72636551E-02
150  25   2.84320635E-02
150  26  -1.14773741E-02
150  27   1.83832190E-03
150  28   2.07276847E-02
150  29   2.04687664E-03
150  30  -1.82434713E-02
150  31   8.66539136E-03
150  32  -8.54126739E-03
150  33   1.08487094E-03
150  34   4.73968387E-04
150  35  -9.96021132E-04
150  36   6.27360041E-04
150  37   5.63482425E-04
150  38   2.01746719E-02
150  39  -1.21753163E-02
150  40   8.63770354E-03
150  41  -2.70071314E-02
150  42  -9.30569706E-03
150  43   1.14470934E-03
150  44   2.33386302E-02
150  45  -7.85682443E-04
150  46  -6.38566486E-03
150  47   3.09414751E-03
150  48   1.71075164E-02
150  49  -2.79323833E-02
150  50   7.57759330E-03
150  51   2.94351492E-04
150  52  -2.23417906E-02
150  53   2.54526494E-04
150  54   1.97937414E-02
150  55  -5.56058126E-03
150  56   8.67742150E-03
150  57   4.09865439E-04
150  58  -3.14902085E-01
150  59   1.97961869E-01
150  60  -1.48575875E-01
150  61  -4.87320873E-04
150  62  -1.67696209E-02
150  63   9.86790811E-03
150  64  -9.48516521E-03
150  65   2.33238892E-04
150  66   3.20190337E-01
150  67  -1.90896919E-01
150  68   1.46070310E-01
150  69  -4.24383197E-03
150  70  -2.13238660E-01
150  71   1.39141441E-01
150  72  -1.01973048E-01
150  73  -3.21067942E-04
150  74   2.99027500E-03
150  75  -3.06750860E-03
150  76   5.69219605E-03
150  77  -7.53157779E-04
150  78   2.17345277E-01
150  79  -1.34587042E-01
150  80   9.57685790E-02
150  81  -8.67497575E-04
150  82  -7.83279889E-03
150  83   5.39031357E-03
150  84  -2.46980343E-03
150  85   3.18225297E-03
150  86  -6.97801723E-02
150  87   5.03091933E-02
150  88  -3.79605996E-02
150  89  -2.96776590E-03
150  90   2.06603075E-01
150  91  -1.35299743E-01
150  92   1.04005856E-01
150  93  -1.29069565E-04
150  94   7.68883017E-02
150  95  -4.74079778E-02
150  96   3.43258591E-02
150  97  -3.61916123E-04
150  98  -2.12766040E-01
150  99   1.31278325E-01
150 100  -9.64826334E-02
150 101  -4.99383246E-03
150 102   2.07670342E-01
150 103  -1.18439760E-01
150 104   9.50190837E-02
150 105  -8.01227456E-04
150 106   9.85926617E-02
150 107  -5.93418792E-02
150 108   4.18219519E-02
150 109   4.76766568E-04
150 110  -2.05669891E-01
150 111   1.27005054E-01
150 112  -9.12852827E-02
150 113   1.24165422E-04
150 114  -9.31996308E-02
150 115   5.63069524E-02
150 116  -4.74160375E-02
150 117   1.91114225E-03
150 118   1.14806174E-01
150 119  -6.22295039E-02
150 120   5.74229451E-02
150 121   3.84953054E-04
150 122   1.89513601E-01
150 123  -1.17950032E-01
150 124   8.41735481E-02
150 125  -2.87444345E-04
150 126  -1.14702214E-01
150 127   7.02765672E-02
150 128  -5.07091952E-02
150 129  -1.39196952E-03
150 130  -1.91625653E-01
150 131   1.08446771E-01
150 132  -9.22666254E-02
150 133   1.07674744E-03
150 134   4.40499076E-04
150 135   3.38118439E-04
150 136   2.08440871E-05
150 137   1.90339570E-03
150 138  -4.64538971E-04
150 139  -6.39638487E-05
150 140   1.83634798E-04
150 141   2.26254632E-02
150 142   9.99111141E-04
150 143   2.28755837E-02
150 144  -2.22358456E-02
150 145  -1.03482647E-03
150 146  -2.27764300E-02
150 147  -7.05027723E-04
150 148  -2.09251469E-03
150 149   1.58344016E-04
150 150  -2.13067108E-03
150 151   1.21281135E-03
150 152  -5.65687857E-04
150 153  -2.68577022E-03
150 154   4.32009821E-04
150 155   1.73010498E-03
150 156   1.63197419E-02
150 157   2.41797871E-02
150 158  -2.40029867E-03
150 159  -1.27817616E-02
150 160   2.10402468E-02
150 161  -1.93808836E-02
150 162  -2.89853938E-02
150 163  -1.58944081E-02
150 164   4.52047058E-03
150 165  -6.62656038E-03
150 166   2.51685454E-02
150 167  -2.21921100E-02
150 168   2.31890210E-02
150 169   2.55165914E-02
150 170  -1.53005605E-02
150 171  -4.39411969E-03
150 172   9.66867126E-03
150 173  -2.47393536E-02
150 174  -2.26429807E-02
150 175   2.22699113E-02
150 176   2.50476312E-02
150 177   1.67710150E-02
150 178  -2.39016215E-02
150 179   4.93787470E-03
150 180   1.28597667E-02
150 181   2.16555150E-02
150 182  -2.67911345E-02
150 183  -2.17012052E-02
150 184  -1.99752598E-04
150 185   2.07603866E-03
150 186  -1.27131921E-03
150 187   9.32718322E-04
150 188   3.43431746E-04
150 189   1.31639621E-03
150 190  -1.43694512E-03
150 191   4.13107166E-03
150 192  -1.70031290E-02
150 193   3.17517264E-03
150 194   4.69382706E-02
150 195  -3.41380765E-03
150 196   2.04659281E-02
150 197  -2.30229617E-02
150 198  -3.81286622E-03
150 199   1.98491638E-02
150 200  -2.63537390E-03
150 201  -4.59027933E-02
150 202   1.54782309E-03
150 203   2.39255608E-02
150 204  -1.97853197E-02
150 205  -1.43450736E-04
150 206  -1.54450883E-03
150 207   1.16737404E-03
150 208  -5.42392649E-04
150 209   1.17766923E-03
150 210  -1.33164108E-03
150 211   1.48306595E-04
150 212  -1.19061802E-03
150 213  -7.39350877E-03
150 214  -3.21050905E-03
150 215  -1.35016062E-03
150 216  -7.35446973E-02
150 217  -5.11642263E-02
150 218   3.24387442E-02
150 219   1.42595856E-02
150 220   7.19921500E-02
150 221  -2.14804946E-02
150 222   2.85123742E-02
150 223  -4.97751819E-02
150 224   2.31662840E-03
150 225   6.15647548E-03
150 226  -1.76251357E-03
150 227  -2.00644022E-02
150 228  -3.18115450E-03
150 229  -8.91590513E-03
150 230   3.08596894E-03
150 231   1.84100460E-02
150 232  -3.14317919E-04
150 233  -2.24308819E-04
150 234   6.91840087E-04
150 235  -4.30376165E-05
150 236   7.37856027E-02
150 237   2.52934838E-02
150 238  -2.35289628E-02
150 239   5.31700411E-02
150 240  -7.44398656E-02
150 241   5.55097255E-02
150 242  -2.70529621E-02
150 243  -1.61509656E-02
150 244  -2.12158052E-04
150 245   2.44875054E-03
150 246  -7.10122304E-04
150 247   7.73957134E-04
150 248  -1.94536791E-03
150 249  -2.70356578E-05
150 250  -1.88309578E-03
150 251  -1.72253872E-02
150 252  -1.34829179E-02
150 253  -3.43510893E-06
150 254  -1.18148617E-03
150 255   1.43428402E-03
150 256   1.56364746E-03
150 257   2.41383801E-03
150 258  -1.51154429E-03
150 259   3.30475902E-04
150 260   4.26356746E-03
150 261   2.66299061E-02
150 262  -2.38476327E-03
150 263  -1.03060250E-02
150 264  -7.21585432E-03
150 265  -7.55532556E-04
150 266   4.06177583E-03
150 267  -1.07416517E-03
150 268  -1.82379612E-03
150 269   2.83290063E-03
150 270   7.21349170E-03
150 271   5.25997718E-03
150 272  -3.26911192E-03
150 273  -1.34750221E-02
150 274   2.19162099E-02
150 275  -2.52215490E-02
150 276  -3.13310644E-02
150 277  -7.72246013E-03
150 278  -3.59877612E-02
150 279   6.19305756E-03
150 280   3.56506751E-02
150 281   1.59187675E-02
150 282  -4.22090593E-02
150 283   1.66045735E-02
150 284   6.03729623E-03
150 285   6.64076211E-03
150 286   3.06200073E-02
150 287  -2.23910660E-02
150 288  -1.97656056E-03
151   1  -3.51784911E-02
151   2  -3.35541350E-02
151   3   6.38062933E-02
151   4  -3.03784561E-02
151   5   3.89489241E-03
151   6   2.47921231E-02
151   7  -1.50062036E-02
151   8   1.08426467E-02
151   9   4.31356724E-02
151  10  -6.75504063E-02
151  11  -5.00988434E-03
151  12  -3.82854607E-02
151  13  -2.67051102E-03
151  14   1.55711569E-02
151  15  -9.33248994E-03
151  16   4.88105869E-03
151  17  -5.20404627E-03
151  18  -3.89372978E-03
151  19  -3.43213085E-03
151  20   2.65333751E-03
151  21   8.25461767E-03
151  22  -3.58165724E-03
151  23  -6.53758848E-03
151  24  -1.67657012E-03
151  25   7.31651012E-03
151  26  -5.26820146E-04
151  27   3.03545798E-03
151  28   5.77944963E-03
151  29  -5.63255779E-03
151  30  -3.72483220E-04
151  31  -4.31524935E-03
151  32   6.12001387E-03
151  33   1.00197232E-03
151  34  -4.39194877E-03
151  35   3.55552251E-03
151  36  -1.67552622E-03
151  37   5.21948666E-03
151  38   5.06345589E-03
151  39   1.63833512E-03
151  40   6.87920079E-03
151  41   2.04855773E-03
151  42   4.38630989E-03
151  43   5.64495517E-03
151  44  -7.12740872E-04
151  45  -7.07348626E-03
151  46   2.38565244E-03
151  47   6.66679573E-03
151  48   4.37616636E-04
151  49  -4.51064755E-03
151  50  -1.33939085E-03
151  51  -5.97041808E-03
151  52  -4.33971980E-03
151  53   2.92565899E-04
151  54   2.32420486E-02
151  55  -1.96806671E-02
151  56   4.94278777E-02
151  57   6.17990708E-03
151  58   3.01873428E-02
151  59  -3.54370854E-02
151  60   1.49022793E-02
151  61   4.91187511E-04
151  62  -8.39423441E-02
151  63   5.07979768E-02
151  64  -3.47759865E-02
151  65  -8.31387743E-03
151  66   6.88977227E-02
151  67  -2.63108868E-02
151  68   2.73530664E-02
151  69  -9.69673408E-02
151  70   3.02614540E-02
151  71  -1.91561093E-02
151  72   8.16193683E-02
151  73  -2.39479645E-02
151  74   2.77472984E-02
151  75  -7.79487382E-03
151  76   2.46194314E-02
151  77   4.51859901E-03
151  78   1.95296163E-02
151  79  -1.13260010E-02
151  80   6.85980859E-03
151  81  -4.30368152E-03
151  82  -4.15290275E-02
151  83   2.63417465E-02
151  84  -1.56991980E-02
151  85  -2.36027077E-02
151  86  -2.82904866E-02
151  87  -5.29021608E-03
151  88  -3.14148119E-02
151  89   3.19664812E-02
151  90  -1.32131969E-02
151  91  -1.30603926E-02
151  92  -3.11300364E-02
151  93  -9.94393202E-04
151  94   7.19331396E-02
151  95  -4.25445988E-02
151  96   2.81081687E-02
151  97   2.40202407E-04
151  98  -5.80739865E-02
151  99   3.42325021E-02
151 100  -2.68754062E-02
151 101   9.29565023E-02
151 102   1.07152012E-02
151 103  -4.01923120E-02
151 104   7.62081053E-02
151 105   4.66838720E-03
151 106  -5.16175312E-02
151 107   2.73116138E-02
151 108  -1.65664817E-02
151 109  -5.28345131E-03
151 110   2.66900346E-02
151 111  -1.65569569E-02
151 112   1.05280984E-02
151 113   2.53175057E-02
151 114  -4.04368840E-03
151 115  -9.94113913E-03
151 116   1.12819116E-02
151 117   1.86229266E-02
151 118   1.38906979E-02
151 119   1.99593138E-02
151 120  -2.23145591E-02
151 121  -3.36128875E-05
151 122  -4.84019371E-02
151 123   3.16182815E-02
151 124  -2.22620224E-02
151 125   1.48387801E-03
151 126   6.27802677E-02
151 127  -3.94568140E-02
151 128   2.37363603E-02
151 129  -3.24146278E-02
151 130   3.28747385E-03
151 131   2.66268885E-02
151 132  -2.79900710E-02
151 133   2.30917658E-02
151 134   5.25081050E-04
151 135   2.90483298E-04
151 136  -1.86090542E-03
151 137  -1.87754735E-02
151 138   1.72856102E-03
151 139  -7.87505834E-04
151 140  -1.00711888E-03
151 141  -1.88369760E-03
151 142   5.91852851E-03
151 143   3.70450885E-03
151 144   3.57767583E-03
151 145  -5.69563280E-03
151 146  -5.39915717E-03
151 147  -1.50328031E-03
151 148   1.79739649E-03
151 149  -2.74319199E-04
151 150   6.86397546E-04
151 151  -8.73859778E-04
151 152   9.62017337E-05
151 153  -1.04562264E-03
151 154  -7.03059616E-05
151 155   1.68850678E-03
151 156  -3.17619961E-03
151 157  -7.73096956E-03
151 158  -8.83514542E-03
151 159   2.10049593E-03
151 160  -1.73485610E-03
151 161  -5.89495018E-04
151 162   7.89108927E-03
151 163   6.39434377E-03
151 164   4.43439551E-03
151 165   8.75656482E-03
151 166  -4.80793619E-03
151 167   2.81088028E-03
151 168  -1.08769935E-02
151 169  -1.25268197E-03
151 170  -6.58098604E-03
151 171  -4.85571731E-03
151 172  -5.75071624E-03
151 173  -7.51703301E-03
151 174  -4.19655237E-03
151 175   1.15558184E-02
151 176   2.19118008E-03
151 177   3.40092261E-03
151 178   2.12578772E-04
151 179   8.61818114E-03
151 180   4.80496105E-03
151 181   4.01042451E-03
151 182  -2.43236445E-03
151 183  -7.52798022E-03
151 184   1.33176210E-04
151 185   2.03834721E-04
151 186   6.05404546E-04
151 187  -3.81265690E-04
151 188   2.07728155E-03
151 189  -5.62945851E-04
151 190  -1.95108269E-03
151 191  -9.92374936E-03
151 192   7.38607229E-03
151 193   6.47832859E-03
151 194   8.69820023E-04
151 195  -4.56567655E-03
151 196   9.39276045E-03
151 197   1.11386671E-02
151 198   9.74969319E-03
151 199  -2.17427870E-03
151 200  -9.65594097E-03
151 201  -7.74601964E-04
151 202   4.49554043E-03
151 203  -9.69262155E-03
151 204  -1.10072549E-02
151 205  -5.52143013E-05
151 206  -3.06416773E-04
151 207   2.77176182E-04
151 208  -3.16317576E-05
151 209  -6.72198659E-04
151 210   2.36904704E-04
151 211   4.01110772E-04
151 212   4.49434550E-04
151 213  -2.17274777E-03
151 214  -3.86216287E-03
151 215  -1.06105682E-03
151 216   1.02217374E-02
151 217   1.27807910E-02
151 218   4.42023319E-03
151 219  -3.50749936E-04
151 220  -8.11132083E-03
151 221   3.64184916E-04
151 222  -4.11346482E-03
151 223   5.38802748E-03
151 224   1.80823456E-02
151 225  -1.24580360E-02
151 226  -1.47077803E-03
151 227  -5.82801853E-03
151 228  -1.95328054E-02
151 229  -6.47731937E-03
151 230   1.27043682E-02
151 231  -4.08405677E-03
151 232  -5.39565459E-04
151 233  -1.68179287E-03
151 234   1.49412158E-03
151 235   4.22966442E-04
151 236   1.37520559E-02
151 237   3.94741334E-03
151 238  -3.09770458E-03
151 239   8.74739192E-03
151 240  -1.58986600E-02
151 241   6.23063852E-03
151 242  -1.46216841E-02
151 243  -3.34689556E-03
151 244  -3.43313492E-05
151 245   3.89074511E-03
151 246   4.85708563E-03
151 247   4.58295722E-04
151 248  -7.26700267E-03
151 249   7.71663869E-03
151 250   2.57480681E-03
151 251  -1.86547295E-03
151 252   6.89955236E-03
151 253  -3.52040212E-04
151 254   2.45084151E-01
151 255  -1.22775053E-01
151 256  -2.91567892E-01
151 257   4.53901031E-03
151 258   1.46655381E-01
151 259  -7.94779940E-02
151 260  -1.79058180E-01
151 261  -4.89456214E-04
151 262  -3.14759014E-01
151 263   1.28857329E-01
151 264   3.62568042E-01
151 265  -1.37383647E-03
151 266  -2.57517140E-01
151 267   1.27005049E-01
151 268   3.10118361E-01
151 269   2.53276627E-03
151 270  -2.56829681E-01
151 271   1.13364504E-01
151 272   3.10148901E-01
151 273  -1.20843846E-02
151 274   2.20121549E-01
151 275  -9.90563099E-02
151 276  -2.56157878E-01
151 277  -9.04521816E-05
151 278   2.25392108E-01
151 279  -8.35189703E-02
151 280  -2.61196854E-01
151 281   1.02547228E-02
151 282   1.09141668E-01
151 283  -4.63436022E-02
151 284  -1.25871730E-01
151 285  -1.35039510E-02
151 286   1.06702327E-01
151 287  -4.53993781E-02
151 288  -1.25114103E-01
152   1  -6.96687112E-03
152   2  -2.18651752E-03
152   3   7.39820072E-03
152   4  -1.61332698E-03
152   5  -2.41816704E-03
152   6   4.11279427E-03
152   7  -1.46203452E-03
152   8  -1.59108013E-03
152   9   1.04300455E-02
152  10  -9.35624965E-03
152  11  -3.45168378E-03
152  12  -1.44605669E-03
152  13   7.55621393E-04
152  14   1.45390680E-03
152  15  -6.90458792E-04
152  16   3.43430192E-04
152  17   2.30852445E-02
152  18   8.55725005E-03
152  19   7.68747053E-03
152  20  -1.88379315E-02
152  21  -2.29473449E-02
152  22   1.37059401E-02
152  23   1.64571898E-02
152  24   4.26159550E-03
152  25  -2.32243302E-02
152  26   5.86133196E-03
152  27   2.16307523E-03
152  28  -1.94855052E-02
152  29  -4.41097075E-04
152  30  -2.25277699E-02
152  31  -2.83156945E-03
152  32  -8.19494263E-03
152  33  -1.90070847E-04
152  34   1.41004480E-02
152  35  -8.82177828E-03
152  36   1.88249656E-03
152  37  -7.21572179E-04
152  38  -1.42268154E-02
152  39   1.06926926E-02
152  40  -5.50871274E-03
152  41  -2.33481728E-02
152  42  -8.34298125E-03
152  43   7.40543192E-03
152  44   1.81818901E-02
152  45   2.23872706E-02
152  46  -7.55525453E-03
152  47  -2.03243082E-02
152  48   2.23989099E-03
152  49   2.25864197E-02
152  50  -1.30029825E-02
152  51   3.51942065E-04
152  52   1.66366924E-02
152  53   3.11286681E-04
152  54   2.45402076E-01
152  55  -1.49322478E-01
152  56   1.09735121E-01
152  57   1.44537846E-03
152  58  -2.39272531E-01
152  59   1.42852710E-01
152  60  -1.11267174E-01
152  61  -6.88727339E-04
152  62   2.36207255E-01
152  63  -1.44100899E-01
152  64   1.01860143E-01
152  65  -2.03139104E-03
152  66  -2.34062102E-01
152  67   1.45192369E-01
152  68  -1.08432185E-01
152  69  -1.83372473E-02
152  70  -5.90192761E-02
152  71   3.47408536E-02
152  72  -1.99956908E-02
152  73  -9.40696456E-03
152  74   6.20495239E-02
152  75  -3.89727331E-02
152  76   3.25446864E-02
152  77  -1.58525872E-03
152  78  -5.79602337E-02
152  79   3.52581654E-02
152  80  -2.64850704E-02
152  81  -9.03869830E-04
152  82   5.57811887E-02
152  83  -3.32636617E-02
152  84   2.53408016E-02
152  85  -4.77231980E-03
152  86  -2.34940276E-01
152  87   1.58045455E-01
152  88  -1.21247672E-01
152  89   4.52151096E-03
152  90   2.33665864E-01
152  91  -1.54873574E-01
152  92   1.11403088E-01
152  93  -3.41574416E-04
152  94  -2.35623104E-01
152  95   1.45895475E-01
152  96  -1.06188814E-01
152  97   4.55067711E-04
152  98   2.37217281E-01
152  99  -1.45737217E-01
152 100   1.07465839E-01
152 101   1.70788010E-02
152 102  -1.04091670E-01
152 103   5.69161184E-02
152 104  -4.08894754E-02
152 105   4.58041905E-03
152 106   9.70813332E-02
152 107  -6.31344871E-02
152 108   4.37162532E-02
152 109   2.14613920E-03
152 110  -1.01586346E-01
152 111   6.22970189E-02
152 112  -4.59800710E-02
152 113   5.24880047E-03
152 114   1.03196129E-01
152 115  -6.18754713E-02
152 116   5.07341773E-02
152 117   1.69184379E-03
152 118  -2.39850324E-01
152 119   1.32576703E-01
152 120  -1.20498796E-01
152 121   9.72855437E-04
152 122   2.34681958E-01
152 123  -1.44360249E-01
152 124   1.03318949E-01
152 125  -8.43299569E-04
152 126  -2.32049804E-01
152 127   1.43156527E-01
152 128  -1.04512636E-01
152 129  -3.02581132E-03
152 130   2.38639414E-01
152 131  -1.32705448E-01
152 132   1.11371969E-01
152 133  -9.61909106E-04
152 134   1.30017936E-03
152 135   4.20653447E-04
152 136  -2.70492592E-04
152 137   2.22449744E-03
152 138  -2.12768723E-04
152 139  -1.96318440E-04
152 140  -2.46755599E-04
152 141   1.71620567E-02
152 142  -1.69242705E-02
152 143  -1.72433550E-02
152 144  -1.74376851E-02
152 145   1.68046808E-02
152 146   1.68527060E-02
152 147   1.00974482E-03
152 148  -4.71312356E-04
152 149   2.56480002E-04
152 150  -1.52504769E-03
152 151  -8.72495275E-04
152 152  -2.43311008E-04
152 153  -5.06825667E-03
152 154  -6.59612107E-04
152 155   5.34565625E-03
152 156   5.04518248E-02
152 157   2.25610617E-02
152 158   6.74077323E-04
152 159  -3.49167486E-02
152 160   8.44833553E-03
152 161  -3.85674736E-02
152 162  -5.11727769E-02
152 163  -4.92912540E-02
152 164  -8.64736311E-03
152 165   5.53023502E-03
152 166   3.93285104E-02
152 167  -9.28556061E-03
152 168   3.91172142E-02
152 169   4.97339133E-02
152 170   4.86243270E-02
152 171  -1.21834376E-02
152 172  -1.37729602E-03
152 173   3.83672230E-02
152 174   9.39579070E-03
152 175  -4.23337016E-02
152 176  -4.56289749E-02
152 177  -5.12519730E-02
152 178   2.08927882E-02
152 179  -8.54357860E-04
152 180  -3.59015248E-02
152 181  -7.89411151E-03
152 182   4.73417850E-02
152 183   4.32928806E-02
152 184   1.89338893E-04
152 185  -6.88973486E-04
152 186   6.22031316E-04
152 187  -4.08957529E-04
152 188   5.65064771E-04
152 189  -1.86024087E-03
152 190   1.04502286E-03
152 191   4.91495177E-02
152 192  -2.50903117E-02
152 193  -3.17949912E-02
152 194   1.62904588E-03
152 195   8.23806200E-03
152 196  -3.97076874E-02
152 197  -4.83077488E-02
152 198  -4.87962417E-02
152 199   1.69378082E-02
152 200   3.62848672E-02
152 201   5.32388781E-04
152 202  -8.61162041E-03
152 203   4.43479411E-02
152 204   4.36537796E-02
152 205   1.01660363E-04
152 206   2.05720787E-04
152 207  -1.90828924E-04
152 208  -3.66389886E-04
152 209   2.69131898E-03
152 210  -1.16208711E-03
152 211  -1.57406660E-03
152 212   1.74303282E-04
152 213  -1.23077302E-02
152 214  -1.23280273E-02
152 215  -3.63196202E-03
152 216  -5.37255212E-02
152 217  -2.94128583E-02
152 218   2.61679718E-02
152 219   9.35475006E-03
152 220   5.43445094E-02
152 221  -1.10632043E-02
152 222   2.57940906E-02
152 223  -3.06607108E-02
152 224  -5.19542258E-02
152 225   3.43294741E-02
152 226   2.03415767E-03
152 227   1.40278802E-02
152 228   5.26741882E-02
152 229   1.41957164E-02
152 230  -3.21307648E-02
152 231   1.37124537E-02
152 232   1.31774183E-04
152 233   6.41095171E-03
152 234  -3.67912222E-03
152 235  -1.97058344E-03
152 236  -5.27766219E-02
152 237  -1.64361971E-02
152 238   1.53977910E-02
152 239  -3.10921739E-02
152 240   5.36387848E-02
152 241  -3.67971430E-02
152 242   1.32618252E-02
152 243   7.38520932E-03
152 244   7.53695481E-04
152 245  -2.73634932E-03
152 246   4.27788255E-03
152 247  -1.01869396E-03
152 248   2.08602962E-03
152 249   1.95797319E-02
152 250  -1.56629817E-02
152 251   1.00761926E-02
152 252  -4.66353849E-03
152 253   1.73081553E-03
152 254   4.17116531E-02
152 255  -1.72602988E-02
152 256  -4.60364887E-02
152 257  -2.23261803E-03
152 258   2.57006694E-02
152 259  -1.34574868E-02
152 260  -2.93216984E-02
152 261  -2.85438504E-03
152 262  -4.88860080E-02
152 263   1.87098915E-02
152 264   8.17839437E-02
152 265  -6.32328172E-04
152 266  -4.73814029E-02
152 267   2.43322231E-02
152 268   5.47831650E-02
152 269  -4.09814259E-04
152 270  -2.58798570E-02
152 271   1.08109949E-02
152 272   3.71375219E-02
152 273  -2.39290972E-02
152 274   2.29860956E-02
152 275  -2.65127287E-02
152 276  -3.38960850E-02
152 277   2.15381116E-02
152 278   5.10966094E-02
152 279  -2.25909592E-03
152 280  -4.77263579E-02
152 281   4.10641342E-02
152 282   4.41852962E-02
152 283  -1.48868878E-02
152 284   2.00732489E-02
152 285  -4.32394710E-02
152 286   1.83602359E-02
152 287  -2.61334463E-02
152 288   2.71015579E-02
